0.0
0.0
0.0
0.0
0.0
0.0
0.0
0.0
0.0
0.0
0.0
0.0
0.0
0.0
0.0
0.0
0.0
0.0
0.0
0.0
0.0
0.0
0.0
0.0
0.0
0.0
0.0
0.0
0.0
0.0
0.0
0.0
0.0
0.0
0.0
0.0
0.0
0.00519771245803
0.129803820787
0.254409929117
0.379016037446
0.460925726046
0.526987685042
0.579424041756
0.617576005891
0.654196946878
0.687832140848
0.716492425537
0.729598292373
0.748216444875
0.77008310539
0.794548770658
0.798229687612
0.801964929089
0.817048955454
0.832439881338
0.84432778748
0.845874844265
0.848616225089
0.853065359554
0.867668280992
0.87505847237
0.876431469066
0.874008214173
0.876129332608
0.888590313673
0.889748079415
0.885646007329
0.899404342661
0.912168697427
0.923073620178
0.916456872533
0.905699182951
0.906847951522
0.912076341792
0.923150738374
0.916432909574
0.907822596918
0.917773713059
0.925579856336
0.931008365769
0.923017223847
0.915746063269
0.919202693393
0.922282618834
0.92501666641
0.915047731458
0.903037785478
0.896888816211
0.892145649921
0.888914841471
0.883130543462
0.869749721857
0.860206819315
0.856332174041
0.855360511931
0.857405658748
0.852144474316
0.842129725074
0.83827359485
0.836821640567
0.845401659685
0.856868399827
0.857550560166
0.857169681016
0.860590199704
0.865663012547
0.877496270777
0.889139942926
0.888350102808
0.887560262691
0.886770422573
0.895716406432
0.911117696914
0.911931188109
0.910146252705
0.906097556315
0.913920468266
0.935395141493
0.941817645803
0.943783104289
0.946530631416
0.952074237778
0.961609435859
0.964873443586
0.966765715997
0.97579203727
0.98581963045
0.997287578089
0.999536654497
0.997506531326
0.987093965384
0.986232721043
0.995715094363
0.99851633508
0.997135219421
0.985333049743
0.976607049085
0.969949129602
0.960831204638
0.950503330202
0.937912251916
0.929708648027
0.923270368656
0.911852088502
0.900297982014
0.888566935417
0.877375858481
0.865828982108
0.851416412974
0.838298332591
0.826520903341
0.811863417085
0.796552064944
0.782929701877
0.773755386227
0.776411449411
0.774850732929
0.768632821416
0.76658976478
0.76697847258
0.768768547611
0.770969462725
0.765836492697
0.760583804674
0.76063147443
0.762281207806
0.770998615967
0.778331962178
0.783156700973
0.784677422584
0.783746234437
0.790304537196
0.797915611779
0.794710050384
0.792983646864
0.793815870832
0.804927113036
0.822067085093
0.814651934288
0.810471680005
0.813117283451
0.81658718265
0.820213647725
0.812426418544
0.807885815685
0.808257661089
0.807437008576
0.80536873543
0.798903724318
0.798372486019
0.802298898086
0.805868483067
0.804098834151
0.792462844953
0.787930899675
0.787911258202
0.798068829903
0.795040580877
0.784102495824
0.769065105248
0.763307341827
0.762236827134
0.7567050163
0.752632131764
0.74394544446
0.709909516178
0.343356115538
0.0
0.0
0.0
0.0
0.0
0.0
0.0
0.0
0.0
0.0
0.0
0.0
0.0
0.0
0.0
0.0
0.0
0.0
0.0
0.0
0.0
0.0
0.0
0.0
0.0
0.0
0.0
0.0
0.0
0.0
0.0
0.0
0.0
0.0
0.0
0.0
0.0
0.0
0.0
0.0
0.0
0.0
0.0
0.0
0.0
0.0
0.0
0.0
