  0
  0
  0
  0
  0
  0
  0
  0
  0
  0
  0
  0
  0
  0
  0
  0
  0
  0
  0
  0
  0
  0
  0
  0
  0
  0
  0
  0
  0
  0
  0
  0
  0
  0
  0
  0
  0
  0
  0
  0
  0
  1.823488
  1.636902
  1.551941
  1.509512
  1.461747
  1.404586
  1.347097
  1.298012
  1.260133
  1.230833
  1.207216
  1.186924
  1.169044
  1.152939
  1.138055
  1.124016
  1.110593
  1.097602
  1.085085
  1.073752
  1.064406
  1.057522
  1.052075
  1.046599
  1.040050
  1.033322
  1.028079
  1.025852
  1.026280
  1.027378
  1.027087
  1.024970
  1.022698
  1.022127
  1.024370
  1.027789
  1.030083
  1.029373
  1.026362
  1.023037
  1.021400
  1.022108
  1.023856
  1.025211
  1.025204
  1.024113
  1.022499
  1.020911
  1.019657
  1.018876
  1.018704
  1.019118
  1.019785
  1.020312
  1.020351
  1.019735
  1.018499
  1.016740
  1.014495
  1.011922
  1.009159
  1.006386
  1.003746
  1.001385
  0.999449
  0.998053
  0.997230
  0.996762
  0.996366
  0.995770
  0.994972
  0.994198
  0.993678
  0.993679
  0.994546
  0.996645
  1.000230
  1.004704
  1.008986
  1.012051
  1.013887
  1.015500
  1.017935
  1.021499
  1.024811
  1.026207
  1.024500
  1.020822
  1.017074
  1.015054
  1.015256
  1.017299
  1.020779
  1.024773
  1.027786
  1.028328
  1.025882
  1.022406
  1.020345
  1.021551
  1.024951
  1.028379
  1.029851
  1.029499
  1.028979
  1.029968
  1.032948
  1.036970
  1.040924
  1.044090
  1.046846
  1.049872
  1.053795
  1.058414
  1.062958
  1.066651
  1.069025
  1.070691
  1.072504
  1.075358
  1.079449
  1.084003
  1.088006
  1.090550
  1.091499
  1.091901
  1.092795
  1.095240
  1.098965
  1.102855
  1.105718
  1.106606
  1.106144
  1.105799
  1.107054
  1.110480
  1.114952
  1.119175
  1.121923
  1.123342
  1.124425
  1.126118
  1.128883
  1.132455
  1.136528
  1.140719
  1.144252
  1.146252
  1.145932
  1.143781
  1.141224
  1.139737
  1.140298
  1.142939
  1.147598
  1.153955
  1.161018
  1.167615
  1.172851
  1.177540
  1.183118
  1.190868
  1.201195
  1.214070
  1.229459
  1.247078
  1.266413
  1.286955
  1.308434
  1.331266
  1.356057
  1.383686
  1.417667
  1.463361
  1.526023
  1.605641
  1.692394
  1.774868
  1.852421
  0
  0
  0
  0
  0
  0
  0
  0
  0
  0
  0
  0
  0
  0
  0
  0
  0
  0
  0
  0
  0
  0
  0
  0
  0
  0
  0
  0
  0
  0
  0
  0
  0
  0
  0
  0